  BLAS   40.32270  -123.53248	1679.3
  BRIC   40.11223  -123.89650	180.5
  GHOP   40.30643  -123.97797	1028.9
  HALS   39.81357  -123.72703	582.0
  HUNT   40.18942  -123.14557	1540.0
  JEWT   40.06305  -123.62817	694.1
  PRDS   40.10561  -124.04458 	786.5
  SPRL   40.02238  -123.84980	441.3
   KBU   40.24553  -123.85320	577
  KMPB   40.41719  -124.12076	938
   KMR   40.20218  -123.70863	915
   KPR   40.21960  -124.05732	450
  RVIT   39.90629  -123.37859	781.8
  B049   40.23750  -123.81970	117
  B932   40.27500  -124.22120	52
  B934   39.84450  -123.69140	331
  B933   40.06000  -123.96900	268.1
  KBS    39.917187  -123.595612	1120
  KBSB   39.914517  -123.596812	1079
  KKP    40.145794  -123.46965	1226
  KIP    39.808517  -123.481293	1359
  KCPB   39.68631   -123.58242	1261
  KCPC   39.68555   -123.58183	1271
  KBN    39.892372  -123.19503	1329
  KFP    39.638885  -123.42514	768
  KCR    40.426441  -123.820641	873
  KSM    40.186855  -124.175621 931
  B045   40.436001  -123.996498	29.4
  B046   40.321972  -124.284302	44
  B047   40.249933  -124.169848	80
  B935   40.478699  -123.573196 696.7
  BJES 40.54362 -123.87996	1050.7
  HAYF 40.5227  -123.23198	776.6
  JCC  40.81745 -124.02955	27.25
  MNDO 39.31418 -123.74511	179.4
  PETL 40.28844 -124.34259	49.6
  RBOW 40.33467 -124.11136	1100
 89462 40.5036  -124.101	43
 89688 40.0331  -124.0769	28
   KCO 40.256748 -124.265984	892
   KCT 40.475567 -124.337486	378
  KHBB 40.659901 -123.219658	1864
  KHMB 40.874748 -123.73259	1501
   KRP 41.157516 -124.023453	813
  1023 40.57616  -124.26367	16
  1582 40.69939  -124.20093	13
  1586 40.6442   -124.22071	36
  1591 40.10538  -123.79032	178
  1580     40.874168  -124.076180 36
  KNEE     40.715191  -123.90112	892.2
  DMOR     40.709728  -123.703308	1305
  KCSB     40.538364  -123.514000 	1658.5